1 127 72
1 31 58
2 127 72
2 146 1
3 275 43
3 31 58
4 275 43
4 196 41
5 21 11
5 81 18
5 127 72
5 31 58
5 30 38
5 232 181
6 119 1
6 275 43
6 31 58
6 267 47
7 127 72
7 169 39
7 267 47
8 275 43
8 160 1
8 107 18
8 132 20
9 81 18
9 127 72
9 293 5
9 57 16
9 59 53
9 104 11
10 289 5
10 283 8
10 232 181
10 208 32
10 58 46
10 157 28
11 232 181
11 117 87
11 208 32
11 89 10
11 132 20
12 117 87
12 251 8
12 131 26
12 173 11
13 127 72
13 185 4
13 147 23
14 23 56
14 131 26
14 104 11
14 267 47
15 232 181
15 117 87
15 55 32
15 53 15
16 232 181
16 117 87
16 127 72
16 89 10
17 275 43
17 107 18
17 267 47
17 112 2
18 127 72
18 178 12
18 267 47
18 58 46
19 237 29
19 131 26
19 267 47
20 23 56
20 58 46
20 104 11
21 237 29
21 58 46
21 267 47
21 30 38
21 232 181
22 127 72
22 58 46
23 127 72
23 89 10
24 127 72
24 53 15
25 127 72
25 70 17
26 127 72
26 112 2
27 275 43
27 59 53
28 275 43
28 31 58
29 127 72
29 178 12
29 267 47
29 196 41
30 23 56
30 196 41
31 94 6
31 287 8
31 196 41
32 94 6
32 287 8
32 59 53
33 94 6
33 287 8
33 31 58
34 94 6
34 287 8
34 169 39
35 23 56
35 169 39
36 23 56
36 31 58
37 23 56
37 59 53
38 23 56
38 196 41
39 127 72
39 53 15
39 104 11
39 267 47
40 127 72
40 58 46
40 104 11
40 267 47
41 127 72
41 89 10
41 104 11
41 267 47
42 127 72
42 70 17
42 104 11
42 267 47
43 275 43
43 31 58
43 107 18
43 132 20
44 237 29
44 31 58
44 107 18
44 142 17
45 237 29
45 59 53
45 107 18
45 142 17
46 237 29
46 169 39
46 267 47
46 142 17
47 237 29
47 196 41
47 267 47
47 142 17
48 237 29
48 31 58
48 30 38
48 232 181
49 237 29
49 59 53
49 30 38
49 232 181
50 237 29
50 169 39
50 30 38
50 232 181
51 135 6
51 169 39
51 132 20
52 135 6
52 196 41
52 132 20
53 127 72
53 58 46
53 30 38
53 232 181
54 81 18
54 127 72
54 89 10
54 132 20
55 81 18
55 127 72
55 70 17
55 132 20
56 81 18
56 127 72
56 53 15
56 132 20
57 81 18
57 127 72
57 196 41
57 132 20
58 81 18
58 127 72
58 31 58
58 132 20
59 81 18
59 127 72
59 59 53
59 132 20
60 232 181
60 117 87
60 31 58
60 276 33
60 23 56
61 232 181
61 117 87
61 59 53
61 276 33
61 23 56
62 232 181
62 117 87
62 196 41
62 276 33
62 23 56
63 232 181
63 117 87
63 58 46
63 276 33
63 23 56
64 232 181
64 117 87
64 89 10
64 276 33
64 23 56
65 232 181
65 117 87
65 70 17
65 276 33
65 23 56
66 232 181
66 117 87
66 53 15
66 276 33
66 23 56
67 232 181
67 117 87
67 31 58
67 276 33
67 275 43
68 232 181
68 117 87
68 59 53
68 276 33
68 275 43
69 232 181
69 117 87
69 196 41
69 276 33
69 275 43
70 232 181
70 117 87
70 31 58
70 276 33
70 23 56
71 232 181
71 117 87
71 59 53
71 276 33
71 23 56
72 232 181
72 117 87
72 196 41
72 276 33
72 23 56
73 232 181
73 117 87
73 58 46
73 276 33
73 23 56
74 232 181
74 117 87
74 89 10
74 276 33
74 23 56
75 232 181
75 117 87
75 70 17
75 276 33
75 23 56
76 232 181
76 117 87
76 53 15
76 276 33
76 23 56
77 232 181
77 117 87
77 31 58
77 276 33
77 237 29
78 232 181
78 117 87
78 59 53
78 276 33
78 237 29
79 232 181
79 117 87
79 196 41
79 276 33
79 237 29
80 232 181
80 117 87
80 169 39
80 276 33
80 237 29
81 232 181
81 117 87
81 169 39
81 276 33
81 275 43
82 81 18
82 127 72
82 131 26
82 132 20
83 232 181
83 117 87
83 131 26
83 276 33
83 23 56
84 232 181
84 117 87
84 131 26
84 276 33
84 127 72
85 289 5
85 283 8
85 232 181
85 208 32
85 31 58
85 157 28
86 289 5
86 283 8
86 232 181
86 208 32
86 59 53
86 157 28
87 289 5
87 283 8
87 232 181
87 208 32
87 169 39
87 157 28
88 289 5
88 283 8
88 232 181
88 208 32
88 196 41
88 157 28
89 232 181
89 117 87
89 191 10
89 57 16
89 58 46
90 232 181
90 117 87
90 191 10
90 57 16
90 131 26
91 232 181
91 117 87
91 191 10
91 57 16
91 70 17
92 232 181
92 117 87
92 191 10
92 57 16
92 196 41
93 232 181
93 117 87
93 191 10
93 57 16
93 169 39
94 232 181
94 117 87
94 190 1
94 57 16
94 31 58
95 232 181
95 117 87
95 191 10
95 57 16
95 59 53
96 127 72
96 131 26
96 104 11
96 267 47
97 23 56
97 131 26
97 267 47
98 23 56
98 131 26
98 104 11
98 267 47
99 127 72
99 131 26
100 232 181
100 117 87
100 191 10
100 57 16
100 53 15
101 58 46
101 290 15
101 127 72
101 178 12
102 70 17
102 290 15
102 127 72
102 178 12
103 59 53
103 290 15
103 127 72
103 178 12
104 169 39
104 290 15
104 127 72
104 178 12
105 196 41
105 290 15
105 127 72
105 178 12
106 31 58
106 290 15
106 127 72
106 178 12
107 81 18
107 30 38
107 232 181
107 55 32
107 58 46
108 81 18
108 30 38
108 232 181
108 55 32
108 70 17
109 81 18
109 30 38
109 232 181
109 55 32
109 131 26
110 131 26
110 290 15
110 127 72
110 178 12
111 53 15
111 290 15
111 127 72
111 178 12
112 258 29
112 290 15
112 127 72
112 178 12
113 127 72
113 258 29
114 23 56
114 258 29
114 104 11
115 94 6
115 287 8
115 258 29
115 30 38
115 232 181
116 81 18
116 30 38
116 232 181
116 55 32
116 258 29
117 30 38
117 232 181
117 55 32
117 169 39
118 30 38
118 232 181
118 55 32
118 31 58
119 30 38
119 232 181
119 55 32
119 59 53
120 81 18
120 30 38
120 232 181
120 55 32
120 31 58
121 81 18
121 30 38
121 232 181
121 55 32
121 59 53
122 81 18
122 30 38
122 232 181
122 55 32
122 169 39
123 169 39
123 127 72
123 178 12
124 59 53
124 38 4
124 267 47
125 31 58
125 38 4
125 267 47
126 169 39
126 38 4
126 267 47
127 196 41
127 38 4
127 267 47
128 232 181
128 117 87
128 208 32
128 58 46
129 232 181
129 117 87
129 208 32
129 258 29
130 232 181
130 117 87
130 208 32
130 53 15
131 232 181
131 117 87
131 208 32
131 31 58
132 232 181
132 117 87
132 208 32
132 59 53
133 232 181
133 117 87
133 208 32
133 196 41
134 232 181
134 117 87
134 208 32
134 58 46
135 232 181
135 92 42
135 117 87
135 208 32
135 59 53
136 232 181
136 92 42
136 117 87
136 208 32
136 31 58
137 232 181
137 92 42
137 117 87
137 208 32
137 196 41
138 232 181
138 92 42
138 117 87
138 208 32
138 169 39
139 92 42
139 117 87
139 208 32
139 59 53
139 157 28
140 92 42
140 117 87
140 208 32
140 31 58
140 157 28
141 92 42
141 117 87
141 208 32
141 169 39
141 157 28
142 92 42
142 117 87
142 208 32
142 196 41
142 157 28
143 232 181
143 92 42
143 201 17
143 196 41
144 232 181
144 92 42
144 201 17
144 31 58
145 232 181
145 92 42
145 201 17
145 59 53
146 232 181
146 92 42
146 201 17
146 169 39
147 232 181
147 34 5
147 31 58
147 181 22
148 232 181
148 34 5
148 169 39
148 181 22
149 232 181
149 34 5
149 58 46
149 181 22
150 232 181
150 34 5
150 131 26
150 181 22
151 232 181
151 34 5
151 258 29
151 181 22
152 232 181
152 92 42
152 117 87
152 208 32
152 58 46
152 157 28
153 232 181
153 92 42
153 117 87
153 208 32
153 258 29
153 157 28
154 232 181
154 92 42
154 117 87
154 208 32
154 131 26
154 157 28
155 31 58
155 237 29
155 132 20
155 267 47
156 59 53
156 237 29
156 132 20
156 267 47
157 169 39
157 237 29
157 132 20
157 267 47
158 59 53
158 290 15
158 237 29
158 267 47
159 31 58
159 290 15
159 237 29
159 267 47
160 196 41
160 237 29
160 267 47
161 169 39
161 290 15
161 237 29
161 267 47
162 31 58
162 290 15
162 275 43
162 107 18
163 59 53
163 290 15
163 275 43
163 107 18
164 169 39
164 290 15
164 275 43
164 107 18
164 132 20
165 196 41
165 275 43
165 107 18
166 135 6
166 196 41
166 107 18
166 267 47
167 135 6
167 169 39
167 142 17
168 135 6
168 31 58
168 142 17
169 135 6
169 59 53
169 107 18
169 267 47
170 275 43
170 31 58
170 107 18
170 30 38
170 232 181
171 237 29
171 31 58
171 30 38
171 232 181
171 142 17
172 275 43
172 59 53
172 66 23
172 232 181
173 237 29
173 59 53
173 66 23
173 232 181
174 275 43
174 196 41
174 107 18
174 267 47
175 237 29
175 196 41
175 267 47
176 237 29
176 31 58
176 267 47
177 237 29
177 31 58
178 232 181
178 92 42
178 117 87
178 55 32
178 31 58
178 157 28
179 232 181
179 92 42
179 117 87
179 208 32
179 31 58
179 157 28
180 92 42
180 55 32
180 31 58
180 157 28
181 92 42
181 117 87
181 208 32
181 31 58
182 232 181
182 92 42
182 55 32
182 31 58
182 157 28
183 232 181
183 92 42
183 117 87
183 55 32
183 31 58
184 232 181
184 92 42
184 117 87
184 55 32
184 59 53
184 157 28
185 232 181
185 92 42
185 117 87
185 208 32
185 59 53
185 157 28
186 92 42
186 55 32
186 59 53
186 157 28
187 92 42
187 117 87
187 208 32
187 59 53
188 232 181
188 92 42
188 55 32
188 59 53
188 157 28
189 232 181
189 92 42
189 117 87
189 55 32
189 59 53
190 232 181
190 92 42
190 117 87
190 55 32
190 196 41
190 157 28
191 232 181
191 92 42
191 117 87
191 208 32
191 196 41
191 157 28
192 92 42
192 55 32
192 196 41
192 157 28
193 92 42
193 117 87
193 208 32
193 196 41
194 232 181
194 92 42
194 55 32
194 196 41
194 157 28
195 232 181
195 92 42
195 117 87
195 55 32
195 196 41
196 232 181
196 92 42
196 117 87
196 55 32
196 169 39
196 157 28
197 232 181
197 92 42
197 117 87
197 208 32
197 169 39
197 157 28
198 92 42
198 55 32
198 169 39
198 157 28
199 92 42
199 117 87
199 208 32
199 169 39
200 232 181
200 92 42
200 55 32
200 169 39
200 157 28
201 232 181
201 92 42
201 117 87
201 55 32
201 169 39
202 275 43
202 293 5
202 57 16
202 59 53
203 275 43
203 293 5
203 57 16
203 31 58
204 275 43
204 293 5
204 57 16
204 196 41
205 275 43
205 293 5
205 57 16
205 169 39
206 275 43
206 59 53
206 107 18
206 132 20
206 142 17
207 275 43
207 31 58
207 107 18
207 132 20
208 275 43
208 196 41
208 107 18
208 132 20
208 142 17
209 275 43
209 59 53
209 107 18
209 132 20
210 232 181
210 117 87
210 31 58
210 276 33
210 127 72
211 232 181
211 117 87
211 58 46
211 276 33
211 127 72
212 232 181
212 117 87
212 131 26
212 276 33
212 127 72
213 232 181
213 117 87
213 127 72
213 131 26
214 232 181
214 117 87
214 127 72
214 58 46
215 232 181
215 117 87
215 31 58
215 276 33
215 127 72
216 232 181
216 117 87
216 258 29
216 276 33
216 23 56
217 232 181
217 117 87
217 185 4
217 276 33
217 23 56
218 117 87
218 185 4
218 276 33
218 127 72
219 232 181
219 117 87
219 53 15
219 276 33
219 127 72
220 66 23
220 232 181
220 127 72
220 58 46
221 66 23
221 232 181
221 23 56
221 58 46
222 23 56
222 58 46
222 30 38
222 194 5
223 23 56
223 258 29
223 30 38
223 194 5
224 66 23
224 194 5
224 127 72
224 58 46
225 66 23
225 194 5
225 127 72
225 258 29
226 66 23
226 194 5
226 127 72
226 70 17
227 66 23
227 232 181
227 23 56
227 59 53
228 66 23
228 232 181
228 23 56
228 169 39
229 66 23
229 232 181
229 23 56
229 196 41
230 66 23
230 232 181
230 23 56
230 31 58
231 66 23
231 232 181
231 127 72
231 58 46
231 142 17
232 66 23
232 232 181
232 127 72
232 89 10
232 142 17
233 66 23
233 232 181
233 23 56
233 89 10
233 142 17
234 66 23
234 232 181
234 23 56
234 258 29
234 142 17
235 127 72
235 31 58
235 30 38
235 232 181
235 267 47
236 23 56
236 59 53
236 30 38
236 232 181
236 267 47
237 127 72
237 59 53
237 30 38
237 232 181
237 267 47
238 23 56
238 31 58
238 30 38
238 232 181
238 267 47
239 127 72
239 196 41
239 147 23
240 81 18
240 23 56
240 169 39
240 147 23
241 23 56
241 196 41
241 147 23
242 23 56
242 59 53
242 147 23
243 23 56
243 58 46
243 147 23
244 23 56
244 131 26
244 147 23
245 127 72
245 131 26
245 147 23
246 66 23
246 232 181
246 23 56
246 31 58
246 147 23
247 66 23
247 232 181
247 23 56
247 59 53
247 147 23
248 66 23
248 232 181
248 127 72
248 58 46
248 147 23
249 66 23
249 232 181
249 23 56
249 258 29
249 147 23
250 66 23
250 232 181
250 23 56
250 69 3
250 147 23
251 66 23
251 232 181
251 127 72
251 69 3
251 147 23
252 66 23
252 232 181
252 127 72
252 131 26
252 147 23
253 66 23
253 232 181
253 23 56
253 185 4
253 147 23
254 106 4
254 58 46
254 147 23
255 106 4
255 258 29
255 147 23
256 59 53
256 273 28
256 181 22
257 31 58
257 273 28
257 181 22
258 53 15
258 273 28
258 181 22
259 58 46
259 273 28
259 181 22
260 258 29
260 273 28
260 181 22
261 169 39
261 273 28
261 181 22
262 131 26
262 273 28
262 181 22
263 69 3
263 273 28
263 181 22
264 59 53
264 273 28
264 145 17
265 31 58
265 273 28
265 145 17
266 58 46
266 292 14
266 273 28
266 181 22
267 58 46
267 292 14
267 273 28
267 145 17
268 58 46
268 273 28
268 145 17
269 258 29
269 273 28
269 145 17
270 258 29
270 292 14
270 273 28
270 181 22
271 258 29
271 292 14
271 273 28
271 145 17
272 59 53
272 273 28
272 145 17
273 59 53
273 292 14
273 273 28
273 181 22
274 59 53
274 292 14
274 273 28
274 145 17
275 31 58
275 273 28
275 145 17
276 31 58
276 292 14
276 273 28
276 181 22
277 169 39
277 292 14
277 273 28
277 181 22
278 169 39
278 292 14
278 273 28
278 145 17
279 131 26
279 292 14
279 273 28
279 181 22
279 145 17
280 59 53
280 292 14
280 273 28
280 210 11
280 145 17
281 31 58
281 292 14
281 273 28
281 210 11
281 145 17
282 196 41
282 292 14
282 273 28
282 210 11
282 145 17
283 58 46
283 292 14
283 273 28
283 210 11
283 145 17
284 117 87
284 106 4
284 58 46
285 232 181
285 117 87
285 106 4
285 58 46
286 117 87
286 248 2
286 58 46
287 232 181
287 117 87
287 248 2
287 58 46
287 173 11
288 232 181
288 117 87
288 251 8
288 258 29
289 232 181
289 117 87
289 251 8
289 258 29
289 173 11
290 117 87
290 251 8
290 258 29
290 173 11
291 30 38
291 232 181
291 251 8
291 131 26
291 267 47
292 30 38
292 232 181
292 251 8
292 31 58
292 267 47
293 30 38
293 232 181
293 251 8
293 59 53
293 267 47
294 30 38
294 232 181
294 251 8
294 169 39
294 267 47
295 30 38
295 232 181
295 55 32
295 59 53
296 30 38
296 232 181
296 55 32
296 196 41
297 30 38
297 232 181
297 55 32
297 31 58
298 30 38
298 232 181
298 55 32
298 53 15
299 30 38
299 232 181
299 55 32
299 89 10
300 232 181
300 62 9
300 59 53
301 232 181
301 62 9
301 31 58
302 232 181
302 62 9
302 196 41
303 232 181
303 62 9
303 169 39
304 65 12
304 247 5
305 65 12
305 179 1
305 84 7
305 130 7
306 263 4
306 231 4
306 65 12
306 9 2
306 138 2
307 228 2
307 30 38
307 232 181
307 65 12
307 247 5
308 30 38
308 232 181
308 13 1
308 65 12
308 247 5
308 102 21
308 9 2
308 138 2
309 65 12
309 256 3
309 107 18
309 104 11
309 260 1
310 127 72
310 47 5
310 223 4
311 275 43
311 50 13
311 188 3
311 254 3
312 127 72
312 47 5
312 223 4
313 127 72
313 50 13
313 79 3
313 188 3
313 254 3
314 127 72
314 218 1
314 221 1
315 23 56
315 274 3
316 23 56
316 234 2
316 99 2
317 237 29
317 274 3
317 23 56
317 234 2
317 99 2
318 108 1
318 220 1
318 177 1
318 238 2
319 159 2
319 217 1
319 85 3
320 159 2
320 215 7
320 85 3
321 215 7
321 19 4
322 215 7
322 19 4
322 189 4
322 2 1
323 215 7
323 19 4
323 189 4
323 1 1
324 215 7
324 239 2
324 126 4
324 144 5
325 58 46
325 26 3
325 165 3
326 70 17
326 26 3
326 165 3
327 258 29
327 26 3
327 165 3
328 215 7
328 239 2
329 215 7
329 20 1
329 271 3
330 97 3
330 175 2
330 257 2
330 189 4
331 269 5
331 198 4
331 252 1
332 269 5
332 198 4
332 70 17
332 170 1
333 263 4
333 231 4
333 244 1
333 129 2
333 188 3
333 254 3
334 33 4
334 92 42
334 54 2
335 16 5
335 162 4
335 49 4
336 65 12
336 279 1
337 77 3
337 156 3
338 77 3
338 129 2
339 200 1
339 167 1
339 86 1
339 35 1
339 114 5
340 120 7
340 230 5
340 51 1
341 120 7
341 230 5
341 283 8
341 16 5
342 120 7
342 230 5
342 255 1
342 195 1
343 65 12
343 156 3
343 207 2
344 275 43
344 216 1
344 140 3
345 269 5
345 151 1
346 65 12
346 247 5
346 84 7
346 130 7
346 210 11
346 147 23
347 247 5
347 84 7
347 130 7
347 45 3
347 68 1
347 65 12
347 92 42
348 40 1
348 90 1
348 84 7
348 130 7
348 210 11
348 147 23
349 172 1
349 102 21
349 72 16
350 58 46
350 102 21
350 72 16
351 103 4
351 184 2
351 283 8
351 191 10
351 57 16
351 70 17
352 103 4
352 184 2
352 283 8
352 191 10
352 57 16
352 258 29
353 191 10
353 57 16
353 33 4
353 120 7
353 230 5
353 143 3
353 210 11
353 147 23
354 28 2
354 187 2
354 5 2
354 7 1
354 102 21
354 8 3
355 28 2
355 187 2
355 5 2
355 3 1
355 102 21
355 8 3
356 4 1
356 6 1
356 115 1
356 102 21
356 8 3
357 12 1
357 286 1
357 60 1
357 102 21
357 72 16
358 120 7
358 230 5
358 75 2
358 287 8
358 143 3
358 210 11
358 147 23
359 120 7
359 11 1
359 75 2
359 287 8
359 143 3
359 210 11
359 147 23
360 58 46
361 70 17
362 258 29
363 131 26
364 53 15
365 58 46
365 102 21
365 72 16
366 70 17
366 102 21
366 72 16
367 258 29
367 102 21
367 72 16
368 131 26
368 102 21
368 72 16
369 53 15
369 102 21
369 72 16
370 47 5
370 223 4
370 70 17
371 47 5
371 223 4
371 58 46
372 15 1
372 80 1
372 250 5
372 277 1
373 88 1
373 262 1
373 150 1
373 229 3
373 259 12
373 97 3
373 203 1
374 118 1
374 82 1
374 182 1
375 95 1
375 238 2
375 127 72
375 50 13
376 127 72
376 50 13
376 93 1
377 275 43
377 50 13
377 64 1
377 56 1
378 36 1
378 168 1
378 275 43
378 50 13
379 94 6
379 287 8
379 149 1
379 85 3
379 126 4
380 58 46
380 242 2
380 164 2
380 101 2
380 161 2
381 70 17
381 242 2
381 164 2
381 101 2
381 161 2
382 81 18
382 228 2
382 47 5
382 213 1
382 152 1
382 266 4
383 23 56
383 121 1
384 237 29
384 153 1
385 212 1
385 237 29
385 154 1
386 192 1
386 113 1
387 214 3
387 166 3
387 275 43
387 87 2
388 285 3
388 156 3
388 207 2
389 116 2
389 140 3
389 243 1
390 116 2
390 250 5
390 263 4
390 231 4
391 17 1
391 285 3
391 48 1
392 205 1
392 123 1
392 269 5
392 240 1
393 16 5
393 162 4
393 49 4
394 16 5
394 162 4
394 49 4
394 67 2
395 16 5
395 162 4
395 49 4
395 180 1
395 144 5
396 58 46
396 110 1
396 278 2
397 258 29
397 111 4
397 278 2
398 52 1
398 219 1
399 10 1
399 158 1
400 245 1
400 171 1
401 100 3
401 114 5
401 76 1
401 198 4
402 100 3
402 114 5
402 141 1
402 100 3
402 174 1
403 214 3
403 166 3
403 275 43
403 87 2
404 214 3
404 166 3
404 275 43
404 73 2
405 58 46
405 275 43
405 50 13
406 258 29
406 275 43
406 50 13
407 275 43
407 50 13
408 275 43
408 224 1
408 91 1
409 59 53
409 275 43
409 50 13
410 131 26
410 275 43
410 50 13
411 53 15
411 275 43
411 50 13
412 58 46
412 127 72
412 155 1
412 236 1
412 126 4
413 70 17
413 127 72
413 176 1
413 43 1
414 258 29
414 127 72
414 258 29
414 61 2
415 58 46
415 127 72
415 58 46
415 61 2
416 199 2
416 67 2
417 19 4
418 261 1
418 206 1
418 139 1
418 288 1
419 269 5
419 198 4
419 225 1
420 196 41
420 102 21
420 72 16
421 59 53
421 102 21
421 72 16
422 31 58
422 102 21
422 72 16
423 169 39
423 102 21
423 72 16
424 285 3
424 266 4
424 136 1
425 25 1
425 250 5
425 74 3
425 144 5
426 140 3
426 79 3
426 74 3
426 144 5
427 222 2
427 256 3
427 74 3
427 144 5
428 222 2
428 256 3
428 275 43
428 50 13
429 237 29
429 274 3
429 23 56
429 265 1
429 235 1
430 23 56
430 111 4
431 65 12
431 23 56
431 111 4
432 23 56
432 111 4
432 183 1
432 39 1
433 275 43
433 73 2
433 79 3
433 83 1
434 18 1
434 126 4
435 97 3
435 175 2
435 257 2
435 189 4
436 105 1
436 282 1
437 199 2
437 41 1
437 241 1
437 204 1
438 229 3
438 259 12
438 102 21
438 72 16
439 96 2
440 169 39
441 31 58
442 59 53
443 196 41
444 33 4
444 92 42
444 54 2
445 65 12
445 250 5
445 263 4
445 231 4
446 103 4
446 24 1
446 250 5
446 120 7
447 29 1
448 270 2
448 22 1
448 102 21
448 72 16
449 84 7
449 130 7
449 232 181
449 14 4
449 173 11
450 98 5
450 30 38
450 232 181
450 125 3
450 44 5
450 32 8
450 78 1
451 98 5
451 32 8
451 133 1
451 229 3
452 148 2
452 32 8
452 249 3
452 232 181
452 267 47
453 21 11
453 227 2
453 102 21
453 72 16
454 46 2
454 291 2
454 209 3
454 253 3
454 281 2
455 232 181
455 201 17
455 46 2
455 291 2
455 109 1
456 127 72
456 280 1
456 44 5
456 32 8
457 148 2
457 32 8
457 249 3
457 232 181
458 84 7
458 130 7
458 232 181
458 246 4
459 84 7
459 130 7
459 232 181
459 276 33
459 268 1
459 0 1
460 21 11
460 71 5
460 27 2
460 232 181
461 21 11
461 71 5
461 27 2
461 232 181
461 181 22
462 21 11
462 71 5
462 271 3
462 232 181
462 181 22
463 21 11
463 71 5
463 271 3
463 232 181
464 232 181
464 124 2
464 134 4
464 259 12
464 124 2
464 181 22
465 227 2
465 102 21
465 72 16
466 232 181
466 201 17
466 96 2
466 122 1
467 232 181
467 62 9
467 33 4
468 232 181
468 62 9
468 270 2
468 264 1
469 232 181
469 62 9
469 259 12
470 232 181
470 201 17
470 45 3
470 134 4
470 259 12
471 232 181
471 201 17
471 21 11
472 232 181
472 259 12
472 21 11
473 21 11
473 209 3
473 202 2
473 114 5
474 202 2
474 114 5
474 63 1
474 145 17
475 259 12
475 232 181
475 142 17
476 201 17
476 232 181
476 142 17
477 103 4
477 134 4
477 259 12
477 232 181
477 142 17
478 226 1
478 193 1
478 249 3
478 232 181
478 267 47
479 98 5
479 125 3
479 44 5
479 32 8
480 98 5
480 44 5
480 32 8
480 14 4
481 98 5
481 30 38
481 232 181
481 125 3
481 44 5
481 32 8
481 246 4
482 232 181
482 62 9
482 21 11
483 232 181
483 62 9
483 266 4
483 128 1
483 233 2
484 45 3
484 134 4
484 259 12
484 201 17
484 145 17
485 14 4
485 173 11
486 246 4
486 173 11
487 14 4
487 173 11
487 267 47
488 246 4
488 173 11
488 267 47
489 201 17
489 173 11
489 267 47
490 201 17
490 173 11
491 232 181
491 201 17
491 266 4
491 233 2
492 232 181
492 201 17
492 284 1
492 186 1
493 232 181
493 201 17
493 37 1
493 211 1
493 197 1
494 232 181
494 201 17
494 77 3
494 163 1
495 232 181
495 201 17
495 42 1
495 71 5
496 21 11
496 209 3
496 102 21
496 253 3
496 281 2
497 253 3
497 210 11
498 272 1
498 259 12
498 210 11
499 259 12
499 137 2
499 142 17
500 259 12
500 137 2
500 267 47
