1 128 1
1 32 1
2 128 1
2 147 1
3 276 1
3 32 1
4 276 1
4 197 1
5 22 1
5 82 1
5 128 1
5 32 1
5 31 1
5 233 1
6 120 1
6 276 1
6 32 1
6 268 1
7 128 1
7 170 1
7 268 1
8 276 1
8 161 1
8 108 1
8 133 1
9 82 1
9 128 1
9 294 1
9 58 1
9 60 1
9 105 1
10 290 1
10 284 1
10 233 1
10 209 1
10 59 1
10 158 1
11 233 1
11 118 1
11 209 1
11 90 1
11 133 1
12 118 1
12 252 1
12 132 1
12 174 1
13 128 1
13 186 1
13 148 1
14 24 1
14 132 1
14 105 1
14 268 1
15 233 1
15 118 1
15 56 1
15 54 1
16 233 1
16 118 1
16 128 1
16 90 1
17 276 1
17 108 1
17 268 1
17 113 1
18 128 1
18 179 1
18 268 1
18 59 1
19 238 1
19 132 1
19 268 1
20 24 1
20 59 1
20 105 1
21 238 1
21 59 1
21 268 1
21 31 1
21 233 1
22 128 1
22 59 1
23 128 1
23 90 1
24 128 1
24 54 1
25 128 1
25 71 1
26 128 1
26 113 1
27 276 1
27 60 1
28 276 1
28 32 1
29 128 1
29 179 1
29 268 1
29 197 1
30 24 1
30 197 1
31 95 1
31 288 1
31 197 1
32 95 1
32 288 1
32 60 1
33 95 1
33 288 1
33 32 1
34 95 1
34 288 1
34 170 1
35 24 1
35 170 1
36 24 1
36 32 1
37 24 1
37 60 1
38 24 1
38 197 1
39 128 1
39 54 1
39 105 1
39 268 1
40 128 1
40 59 1
40 105 1
40 268 1
41 128 1
41 90 1
41 105 1
41 268 1
42 128 1
42 71 1
42 105 1
42 268 1
43 276 1
43 32 1
43 108 1
43 133 1
44 238 1
44 32 1
44 108 1
44 143 1
45 238 1
45 60 1
45 108 1
45 143 1
46 238 1
46 170 1
46 268 1
46 143 1
47 238 1
47 197 1
47 268 1
47 143 1
48 238 1
48 32 1
48 31 1
48 233 1
49 238 1
49 60 1
49 31 1
49 233 1
50 238 1
50 170 1
50 31 1
50 233 1
51 136 1
51 170 1
51 133 1
52 136 1
52 197 1
52 133 1
53 128 1
53 59 1
53 31 1
53 233 1
54 82 1
54 128 1
54 90 1
54 133 1
55 82 1
55 128 1
55 71 1
55 133 1
56 82 1
56 128 1
56 54 1
56 133 1
57 82 1
57 128 1
57 197 1
57 133 1
58 82 1
58 128 1
58 32 1
58 133 1
59 82 1
59 128 1
59 60 1
59 133 1
60 233 1
60 118 1
60 32 1
60 277 1
60 24 1
61 233 1
61 118 1
61 60 1
61 277 1
61 24 1
62 233 1
62 118 1
62 197 1
62 277 1
62 24 1
63 233 1
63 118 1
63 59 1
63 277 1
63 24 1
64 233 1
64 118 1
64 90 1
64 277 1
64 24 1
65 233 1
65 118 1
65 71 1
65 277 1
65 24 1
66 233 1
66 118 1
66 54 1
66 277 1
66 24 1
67 233 1
67 118 1
67 32 1
67 277 1
67 276 1
68 233 1
68 118 1
68 60 1
68 277 1
68 276 1
69 233 1
69 118 1
69 197 1
69 277 1
69 276 1
70 233 1
70 118 1
70 32 1
70 277 1
70 24 1
71 233 1
71 118 1
71 60 1
71 277 1
71 24 1
72 233 1
72 118 1
72 197 1
72 277 1
72 24 1
73 233 1
73 118 1
73 59 1
73 277 1
73 24 1
74 233 1
74 118 1
74 90 1
74 277 1
74 24 1
75 233 1
75 118 1
75 71 1
75 277 1
75 24 1
76 233 1
76 118 1
76 54 1
76 277 1
76 24 1
77 233 1
77 118 1
77 32 1
77 277 1
77 238 1
78 233 1
78 118 1
78 60 1
78 277 1
78 238 1
79 233 1
79 118 1
79 197 1
79 277 1
79 238 1
80 233 1
80 118 1
80 170 1
80 277 1
80 238 1
81 233 1
81 118 1
81 170 1
81 277 1
81 276 1
82 82 1
82 128 1
82 132 1
82 133 1
83 233 1
83 118 1
83 132 1
83 277 1
83 24 1
84 233 1
84 118 1
84 132 1
84 277 1
84 128 1
85 290 1
85 284 1
85 233 1
85 209 1
85 32 1
85 158 1
86 290 1
86 284 1
86 233 1
86 209 1
86 60 1
86 158 1
87 290 1
87 284 1
87 233 1
87 209 1
87 170 1
87 158 1
88 290 1
88 284 1
88 233 1
88 209 1
88 197 1
88 158 1
89 233 1
89 118 1
89 192 1
89 58 1
89 59 1
90 233 1
90 118 1
90 192 1
90 58 1
90 132 1
91 233 1
91 118 1
91 192 1
91 58 1
91 71 1
92 233 1
92 118 1
92 192 1
92 58 1
92 197 1
93 233 1
93 118 1
93 192 1
93 58 1
93 170 1
94 233 1
94 118 1
94 191 1
94 58 1
94 32 1
95 233 1
95 118 1
95 192 1
95 58 1
95 60 1
96 128 1
96 132 1
96 105 1
96 268 1
97 24 1
97 132 1
97 268 1
98 24 1
98 132 1
98 105 1
98 268 1
99 128 1
99 132 1
100 233 1
100 118 1
100 192 1
100 58 1
100 54 1
101 59 1
101 291 1
101 128 1
101 179 1
102 71 1
102 291 1
102 128 1
102 179 1
103 60 1
103 291 1
103 128 1
103 179 1
104 170 1
104 291 1
104 128 1
104 179 1
105 197 1
105 291 1
105 128 1
105 179 1
106 32 1
106 291 1
106 128 1
106 179 1
107 82 1
107 31 1
107 233 1
107 56 1
107 59 1
108 82 1
108 31 1
108 233 1
108 56 1
108 71 1
109 82 1
109 31 1
109 233 1
109 56 1
109 132 1
110 132 1
110 291 1
110 128 1
110 179 1
111 54 1
111 291 1
111 128 1
111 179 1
112 259 1
112 291 1
112 128 1
112 179 1
113 128 1
113 259 1
114 24 1
114 259 1
114 105 1
115 95 1
115 288 1
115 259 1
115 31 1
115 233 1
116 82 1
116 31 1
116 233 1
116 56 1
116 259 1
117 31 1
117 233 1
117 56 1
117 170 1
118 31 1
118 233 1
118 56 1
118 32 1
119 31 1
119 233 1
119 56 1
119 60 1
120 82 1
120 31 1
120 233 1
120 56 1
120 32 1
121 82 1
121 31 1
121 233 1
121 56 1
121 60 1
122 82 1
122 31 1
122 233 1
122 56 1
122 170 1
123 170 1
123 128 1
123 179 1
124 60 1
124 39 1
124 268 1
125 32 1
125 39 1
125 268 1
126 170 1
126 39 1
126 268 1
127 197 1
127 39 1
127 268 1
128 233 1
128 118 1
128 209 1
128 59 1
129 233 1
129 118 1
129 209 1
129 259 1
130 233 1
130 118 1
130 209 1
130 54 1
131 233 1
131 118 1
131 209 1
131 32 1
132 233 1
132 118 1
132 209 1
132 60 1
133 233 1
133 118 1
133 209 1
133 197 1
134 233 1
134 118 1
134 209 1
134 59 1
135 233 1
135 93 1
135 118 1
135 209 1
135 60 1
136 233 1
136 93 1
136 118 1
136 209 1
136 32 1
137 233 1
137 93 1
137 118 1
137 209 1
137 197 1
138 233 1
138 93 1
138 118 1
138 209 1
138 170 1
139 93 1
139 118 1
139 209 1
139 60 1
139 158 1
140 93 1
140 118 1
140 209 1
140 32 1
140 158 1
141 93 1
141 118 1
141 209 1
141 170 1
141 158 1
142 93 1
142 118 1
142 209 1
142 197 1
142 158 1
143 233 1
143 93 1
143 202 1
143 197 1
144 233 1
144 93 1
144 202 1
144 32 1
145 233 1
145 93 1
145 202 1
145 60 1
146 233 1
146 93 1
146 202 1
146 170 1
147 233 1
147 35 1
147 32 1
147 182 1
148 233 1
148 35 1
148 170 1
148 182 1
149 233 1
149 35 1
149 59 1
149 182 1
150 233 1
150 35 1
150 132 1
150 182 1
151 233 1
151 35 1
151 259 1
151 182 1
152 233 1
152 93 1
152 118 1
152 209 1
152 59 1
152 158 1
153 233 1
153 93 1
153 118 1
153 209 1
153 259 1
153 158 1
154 233 1
154 93 1
154 118 1
154 209 1
154 132 1
154 158 1
155 32 1
155 238 1
155 133 1
155 268 1
156 60 1
156 238 1
156 133 1
156 268 1
157 170 1
157 238 1
157 133 1
157 268 1
158 60 1
158 291 1
158 238 1
158 268 1
159 32 1
159 291 1
159 238 1
159 268 1
160 197 1
160 238 1
160 268 1
161 170 1
161 291 1
161 238 1
161 268 1
162 32 1
162 291 1
162 276 1
162 108 1
163 60 1
163 291 1
163 276 1
163 108 1
164 170 1
164 291 1
164 276 1
164 108 1
164 133 1
165 197 1
165 276 1
165 108 1
166 136 1
166 197 1
166 108 1
166 268 1
167 136 1
167 170 1
167 143 1
168 136 1
168 32 1
168 143 1
169 136 1
169 60 1
169 108 1
169 268 1
170 276 1
170 32 1
170 108 1
170 31 1
170 233 1
171 238 1
171 32 1
171 31 1
171 233 1
171 143 1
172 276 1
172 60 1
172 67 1
172 233 1
173 238 1
173 60 1
173 67 1
173 233 1
174 276 1
174 197 1
174 108 1
174 268 1
175 238 1
175 197 1
175 268 1
176 238 1
176 32 1
176 268 1
177 238 1
177 32 1
178 233 1
178 93 1
178 118 1
178 56 1
178 32 1
178 158 1
179 233 1
179 93 1
179 118 1
179 209 1
179 32 1
179 158 1
180 93 1
180 56 1
180 32 1
180 158 1
181 93 1
181 118 1
181 209 1
181 32 1
182 233 1
182 93 1
182 56 1
182 32 1
182 158 1
183 233 1
183 93 1
183 118 1
183 56 1
183 32 1
184 233 1
184 93 1
184 118 1
184 56 1
184 60 1
184 158 1
185 233 1
185 93 1
185 118 1
185 209 1
185 60 1
185 158 1
186 93 1
186 56 1
186 60 1
186 158 1
187 93 1
187 118 1
187 209 1
187 60 1
188 233 1
188 93 1
188 56 1
188 60 1
188 158 1
189 233 1
189 93 1
189 118 1
189 56 1
189 60 1
190 233 1
190 93 1
190 118 1
190 56 1
190 197 1
190 158 1
191 233 1
191 93 1
191 118 1
191 209 1
191 197 1
191 158 1
192 93 1
192 56 1
192 197 1
192 158 1
193 93 1
193 118 1
193 209 1
193 197 1
194 233 1
194 93 1
194 56 1
194 197 1
194 158 1
195 233 1
195 93 1
195 118 1
195 56 1
195 197 1
196 233 1
196 93 1
196 118 1
196 56 1
196 170 1
196 158 1
197 233 1
197 93 1
197 118 1
197 209 1
197 170 1
197 158 1
198 93 1
198 56 1
198 170 1
198 158 1
199 93 1
199 118 1
199 209 1
199 170 1
200 233 1
200 93 1
200 56 1
200 170 1
200 158 1
201 233 1
201 93 1
201 118 1
201 56 1
201 170 1
202 276 1
202 294 1
202 58 1
202 60 1
203 276 1
203 294 1
203 58 1
203 32 1
204 276 1
204 294 1
204 58 1
204 197 1
205 276 1
205 294 1
205 58 1
205 170 1
206 276 1
206 60 1
206 108 1
206 133 1
206 143 1
207 276 1
207 32 1
207 108 1
207 133 1
208 276 1
208 197 1
208 108 1
208 133 1
208 143 1
209 276 1
209 60 1
209 108 1
209 133 1
210 233 1
210 118 1
210 32 1
210 277 1
210 128 1
211 233 1
211 118 1
211 59 1
211 277 1
211 128 1
212 233 1
212 118 1
212 132 1
212 277 1
212 128 1
213 233 1
213 118 1
213 128 1
213 132 1
214 233 1
214 118 1
214 128 1
214 59 1
215 233 1
215 118 1
215 32 1
215 277 1
215 128 1
216 233 1
216 118 1
216 259 1
216 277 1
216 24 1
217 233 1
217 118 1
217 186 1
217 277 1
217 24 1
218 118 1
218 186 1
218 277 1
218 128 1
219 233 1
219 118 1
219 54 1
219 277 1
219 128 1
220 67 1
220 233 1
220 128 1
220 59 1
221 67 1
221 233 1
221 24 1
221 59 1
222 24 1
222 59 1
222 31 1
222 195 1
223 24 1
223 259 1
223 31 1
223 195 1
224 67 1
224 195 1
224 128 1
224 59 1
225 67 1
225 195 1
225 128 1
225 259 1
226 67 1
226 195 1
226 128 1
226 71 1
227 67 1
227 233 1
227 24 1
227 60 1
228 67 1
228 233 1
228 24 1
228 170 1
229 67 1
229 233 1
229 24 1
229 197 1
230 67 1
230 233 1
230 24 1
230 32 1
231 67 1
231 233 1
231 128 1
231 59 1
231 143 1
232 67 1
232 233 1
232 128 1
232 90 1
232 143 1
233 67 1
233 233 1
233 24 1
233 90 1
233 143 1
234 67 1
234 233 1
234 24 1
234 259 1
234 143 1
235 128 1
235 32 1
235 31 1
235 233 1
235 268 1
236 24 1
236 60 1
236 31 1
236 233 1
236 268 1
237 128 1
237 60 1
237 31 1
237 233 1
237 268 1
238 24 1
238 32 1
238 31 1
238 233 1
238 268 1
239 128 1
239 197 1
239 148 1
240 82 1
240 24 1
240 170 1
240 148 1
241 24 1
241 197 1
241 148 1
242 24 1
242 60 1
242 148 1
243 24 1
243 59 1
243 148 1
244 24 1
244 132 1
244 148 1
245 128 1
245 132 1
245 148 1
246 67 1
246 233 1
246 24 1
246 32 1
246 148 1
247 67 1
247 233 1
247 24 1
247 60 1
247 148 1
248 67 1
248 233 1
248 128 1
248 59 1
248 148 1
249 67 1
249 233 1
249 24 1
249 259 1
249 148 1
250 67 1
250 233 1
250 24 1
250 70 1
250 148 1
251 67 1
251 233 1
251 128 1
251 70 1
251 148 1
252 67 1
252 233 1
252 128 1
252 132 1
252 148 1
253 67 1
253 233 1
253 24 1
253 186 1
253 148 1
254 107 1
254 59 1
254 148 1
255 107 1
255 259 1
255 148 1
256 60 1
256 274 1
256 182 1
257 32 1
257 274 1
257 182 1
258 54 1
258 274 1
258 182 1
259 59 1
259 274 1
259 182 1
260 259 1
260 274 1
260 182 1
261 170 1
261 274 1
261 182 1
262 132 1
262 274 1
262 182 1
263 70 1
263 274 1
263 182 1
264 60 1
264 274 1
264 146 1
265 32 1
265 274 1
265 146 1
266 59 1
266 293 1
266 274 1
266 182 1
267 59 1
267 293 1
267 274 1
267 146 1
268 59 1
268 274 1
268 146 1
269 259 1
269 274 1
269 146 1
270 259 1
270 293 1
270 274 1
270 182 1
271 259 1
271 293 1
271 274 1
271 146 1
272 60 1
272 274 1
272 146 1
273 60 1
273 293 1
273 274 1
273 182 1
274 60 1
274 293 1
274 274 1
274 146 1
275 32 1
275 274 1
275 146 1
276 32 1
276 293 1
276 274 1
276 182 1
277 170 1
277 293 1
277 274 1
277 182 1
278 170 1
278 293 1
278 274 1
278 146 1
279 132 1
279 293 1
279 274 1
279 182 1
279 146 1
280 60 1
280 293 1
280 274 1
280 211 1
280 146 1
281 32 1
281 293 1
281 274 1
281 211 1
281 146 1
282 197 1
282 293 1
282 274 1
282 211 1
282 146 1
283 59 1
283 293 1
283 274 1
283 211 1
283 146 1
284 118 1
284 107 1
284 59 1
285 233 1
285 118 1
285 107 1
285 59 1
286 118 1
286 249 1
286 59 1
287 233 1
287 118 1
287 249 1
287 59 1
287 174 1
288 233 1
288 118 1
288 252 1
288 259 1
289 233 1
289 118 1
289 252 1
289 259 1
289 174 1
290 118 1
290 252 1
290 259 1
290 174 1
291 31 1
291 233 1
291 252 1
291 132 1
291 268 1
292 31 1
292 233 1
292 252 1
292 32 1
292 268 1
293 31 1
293 233 1
293 252 1
293 60 1
293 268 1
294 31 1
294 233 1
294 252 1
294 170 1
294 268 1
295 31 1
295 233 1
295 56 1
295 60 1
296 31 1
296 233 1
296 56 1
296 197 1
297 31 1
297 233 1
297 56 1
297 32 1
298 31 1
298 233 1
298 56 1
298 54 1
299 31 1
299 233 1
299 56 1
299 90 1
300 233 1
300 63 1
300 60 1
301 233 1
301 63 1
301 32 1
302 233 1
302 63 1
302 197 1
303 233 1
303 63 1
303 170 1
304 66 1
304 248 1
305 66 1
305 180 1
305 85 1
305 131 1
306 264 2
306 232 1
306 66 1
306 10 1
306 139 1
307 229 1
307 31 1
307 233 1
307 66 1
307 248 1
308 31 1
308 233 1
308 14 1
308 66 1
308 248 1
308 103 1
308 10 1
308 139 1
309 66 1
309 257 1
309 108 1
309 105 1
309 261 1
310 128 1
310 48 1
310 224 1
311 276 1
311 51 1
311 189 1
311 255 1
312 128 1
312 48 1
312 224 1
313 128 1
313 51 1
313 80 1
313 189 1
313 255 1
314 128 1
314 219 1
314 222 1
315 24 1
315 275 1
316 24 1
316 235 1
316 100 1
317 238 1
317 275 1
317 24 1
317 235 1
317 100 1
318 109 1
318 221 1
318 178 1
318 239 1
319 160 1
319 218 1
319 86 1
320 160 1
320 216 1
320 86 1
321 216 1
321 20 1
322 216 1
322 20 1
322 190 1
322 3 1
323 216 1
323 20 1
323 190 1
323 2 1
324 216 1
324 240 1
324 127 1
324 145 1
325 59 1
325 27 1
325 166 1
326 71 1
326 27 1
326 166 1
327 259 1
327 27 1
327 166 1
328 216 1
328 240 1
329 216 1
329 21 1
329 272 1
330 98 1
330 176 1
330 258 1
330 190 1
331 270 1
331 199 1
331 253 1
332 270 1
332 199 1
332 71 1
332 171 1
333 264 2
333 232 1
333 245 1
333 130 1
333 189 1
333 255 1
334 34 1
334 93 1
334 55 1
335 17 1
335 163 1
335 50 1
336 66 1
336 280 1
337 78 1
337 157 1
338 78 1
338 130 1
339 201 1
339 168 1
339 87 1
339 36 1
339 115 1
340 121 1
340 231 1
340 52 1
341 121 1
341 231 1
341 284 1
341 17 1
342 121 1
342 231 1
342 256 1
342 196 1
343 66 1
343 157 1
343 208 1
344 276 1
344 217 1
344 141 1
345 270 1
345 152 1
346 66 1
346 248 1
346 85 1
346 131 1
346 211 1
346 148 1
347 248 1
347 85 1
347 131 1
347 46 1
347 69 1
347 66 1
347 93 1
348 41 1
348 91 1
348 85 1
348 131 1
348 211 1
348 148 1
349 173 1
349 103 1
349 73 1
350 59 1
350 103 1
350 73 1
351 104 1
351 185 1
351 284 1
351 192 1
351 58 1
351 71 1
352 104 1
352 185 1
352 284 1
352 192 1
352 58 1
352 259 1
353 192 1
353 58 1
353 34 1
353 121 1
353 231 1
353 144 1
353 211 1
353 148 1
354 29 1
354 188 1
354 6 1
354 8 1
354 103 1
354 9 1
355 29 1
355 188 1
355 6 1
355 4 1
355 103 1
355 9 1
356 5 1
356 7 1
356 116 1
356 103 1
356 9 1
357 13 1
357 287 1
357 61 1
357 103 1
357 73 1
358 121 1
358 231 1
358 76 1
358 288 1
358 144 1
358 211 1
358 148 1
359 121 1
359 12 1
359 76 1
359 288 1
359 144 1
359 211 1
359 148 1
360 59 1
361 71 1
362 259 1
363 132 1
364 54 1
365 59 1
365 103 1
365 73 1
366 71 1
366 103 1
366 73 1
367 259 1
367 103 1
367 73 1
368 132 1
368 103 1
368 73 1
369 54 1
369 103 1
369 73 1
370 48 1
370 224 1
370 71 1
371 48 1
371 224 1
371 59 1
372 16 1
372 81 1
372 251 1
372 278 1
373 89 1
373 263 1
373 151 1
373 230 1
373 260 1
373 98 1
373 204 1
374 119 1
374 83 1
374 183 1
375 96 1
375 239 1
375 128 1
375 51 1
376 128 1
376 51 1
376 94 1
377 276 1
377 51 1
377 65 1
377 57 1
378 37 1
378 169 1
378 276 1
378 51 1
379 95 1
379 288 1
379 150 1
379 86 1
379 127 1
380 59 1
380 243 1
380 165 1
380 102 1
380 162 1
381 71 1
381 243 1
381 165 1
381 102 1
381 162 1
382 82 1
382 229 1
382 48 1
382 214 1
382 153 1
382 267 1
383 24 1
383 122 1
384 238 1
384 154 1
385 213 1
385 238 1
385 155 1
386 193 1
386 114 1
387 215 1
387 167 1
387 276 1
387 88 1
388 286 1
388 157 1
388 208 1
389 117 1
389 141 1
389 244 1
390 117 1
390 251 1
390 264 2
390 232 1
391 18 1
391 286 1
391 49 1
392 206 1
392 124 1
392 270 1
392 241 1
393 17 1
393 163 1
393 50 1
394 17 1
394 163 1
394 50 1
394 68 1
395 17 1
395 163 1
395 50 1
395 181 1
395 145 1
396 59 1
396 111 1
396 279 1
397 259 1
397 112 1
397 279 1
398 53 1
398 220 1
399 11 1
399 159 1
400 246 1
400 172 1
401 101 1
401 115 1
401 77 1
401 199 1
402 101 2
402 115 1
402 142 1
402 101 2
402 175 1
403 215 1
403 167 1
403 276 1
403 88 1
404 215 1
404 167 1
404 276 1
404 74 1
405 59 1
405 276 1
405 51 1
406 259 1
406 276 1
406 51 1
407 276 1
407 51 1
408 276 1
408 225 1
408 92 1
409 60 1
409 276 1
409 51 1
410 132 1
410 276 1
410 51 1
411 54 1
411 276 1
411 51 1
412 59 1
412 128 1
412 156 1
412 237 1
412 127 1
413 71 1
413 128 1
413 177 1
413 44 1
414 259 2
414 128 1
414 259 2
414 62 1
415 59 2
415 128 1
415 59 2
415 62 1
416 200 1
416 68 1
417 20 1
418 262 1
418 207 1
418 140 1
418 289 1
419 270 1
419 199 1
419 226 1
420 197 1
420 103 1
420 73 1
421 60 1
421 103 1
421 73 1
422 32 1
422 103 1
422 73 1
423 170 1
423 103 1
423 73 1
424 286 1
424 267 1
424 137 1
425 26 1
425 251 1
425 75 1
425 145 1
426 141 1
426 80 1
426 75 1
426 145 1
427 223 1
427 257 1
427 75 1
427 145 1
428 223 1
428 257 1
428 276 1
428 51 1
429 238 1
429 275 1
429 24 1
429 266 1
429 236 1
430 24 1
430 112 1
431 66 1
431 24 1
431 112 1
432 24 1
432 112 1
432 184 1
432 40 1
433 276 1
433 74 1
433 80 1
433 84 1
434 19 1
434 127 1
435 98 1
435 176 1
435 258 1
435 190 1
436 106 1
436 283 1
437 200 1
437 42 1
437 242 1
437 205 1
438 230 1
438 260 1
438 103 1
438 73 1
439 97 1
440 170 1
441 32 1
442 60 1
443 197 1
444 34 1
444 93 1
444 55 1
445 66 1
445 251 1
445 264 2
445 232 1
446 104 1
446 25 1
446 251 1
446 121 1
447 30 1
448 271 1
448 23 1
448 103 1
448 73 1
449 85 1
449 131 1
449 233 1
449 15 1
449 174 1
450 99 1
450 31 1
450 233 1
450 126 1
450 45 1
450 33 1
450 79 1
451 99 1
451 33 1
451 134 1
451 230 1
452 149 1
452 33 1
452 250 1
452 233 1
452 268 1
453 22 1
453 228 1
453 103 1
453 73 1
454 47 1
454 292 1
454 210 1
454 254 1
454 282 1
455 233 1
455 202 1
455 47 1
455 292 1
455 110 1
456 128 1
456 281 1
456 45 1
456 33 1
457 149 1
457 33 1
457 250 1
457 233 1
458 85 1
458 131 1
458 233 1
458 247 1
459 85 1
459 131 1
459 233 1
459 277 1
459 269 1
459 1 1
460 22 1
460 72 1
460 28 1
460 233 1
461 22 1
461 72 1
461 28 1
461 233 1
461 182 1
462 22 1
462 72 1
462 272 1
462 233 1
462 182 1
463 22 1
463 72 1
463 272 1
463 233 1
464 233 1
464 125 2
464 135 1
464 260 1
464 125 2
464 182 1
465 228 1
465 103 1
465 73 1
466 233 1
466 202 1
466 97 1
466 123 1
467 233 1
467 63 1
467 34 1
468 233 1
468 63 1
468 271 1
468 265 1
469 233 1
469 63 1
469 260 1
470 233 1
470 202 1
470 46 1
470 135 1
470 260 1
471 233 1
471 202 1
471 22 1
472 233 1
472 260 1
472 22 1
473 22 1
473 210 1
473 203 1
473 115 1
474 203 1
474 115 1
474 64 1
474 146 1
475 260 1
475 233 1
475 143 1
476 202 1
476 233 1
476 143 1
477 104 1
477 135 1
477 260 1
477 233 1
477 143 1
478 227 1
478 194 1
478 250 1
478 233 1
478 268 1
479 99 1
479 126 1
479 45 1
479 33 1
480 99 1
480 45 1
480 33 1
480 15 1
481 99 1
481 31 1
481 233 1
481 126 1
481 45 1
481 33 1
481 247 1
482 233 1
482 63 1
482 22 1
483 233 1
483 63 1
483 267 1
483 129 1
483 234 1
484 46 1
484 135 1
484 260 1
484 202 1
484 146 1
485 15 1
485 174 1
486 247 1
486 174 1
487 15 1
487 174 1
487 268 1
488 247 1
488 174 1
488 268 1
489 202 1
489 174 1
489 268 1
490 202 1
490 174 1
491 233 1
491 202 1
491 267 1
491 234 1
492 233 1
492 202 1
492 285 1
492 187 1
493 233 1
493 202 1
493 38 1
493 212 1
493 198 1
494 233 1
494 202 1
494 78 1
494 164 1
495 233 1
495 202 1
495 43 1
495 72 1
496 22 1
496 210 1
496 103 1
496 254 1
496 282 1
497 254 1
497 211 1
498 273 1
498 260 1
498 211 1
499 260 1
499 138 1
499 143 1
500 260 1
500 138 1
500 268 1
